   2.0000000000000000E-003   1.0000000000000000E-002   4.0000000000000002E-004   7.9577471545947673E-002   4.0000000000000002E-004
   5.0265482457436696E-004   50.265482457436690       0.10000000000000001     
   2.6666666666666665E-002  0.11058406140636071        1.0000000000000000        1.6755160819145562E-002
   5.0265482457436696E-004   2.0000000000000000E-002
   3.3510321638291127E-004   1.0000000000000000E-002
   3.3510321638291127E-004   1.0000000000000000E-002
   6.0000000000000001E-003   1.0000000000000000E-002
   1.0000000000000000        10.000000000000000        1.0000000000000000        1.0000000000000000       0.10000000000000001        1.0000000000000000     
  0.25000000000000000        10.000000000000000        1.0000000000000000        10.000000000000000     
   2000.0000000000000        3000.0000000000000        10000.000000000000        10000.000000000000        10000.000000000000        5000.0000000000000     
   1.0000000000000000E-003   8.0000000000000000        10.000000000000000        0.0000000000000000        1.0000000000000000E-002
   1.0000000000000000E-003   1.0000000000000000E-003   1.0000000000000000E-002   1.0000000000000000E-002   1.0000000000000000E-002   1.0000000000000000E-002
   1.0000000000000000E-002   1.0000000000000000E-002   1.0000000000000000E-002   1.0000000000000000E-002
   1.0000000000000000        100.00000000000000     
   1.0000000000000000        1.0000000000000000        1000.0000000000000        1.0000000000000000     
