0.424644
0.55188
-0.417519
-0.0902415
-0.0556284
-0.110548
0.143013
0.0285366
-0.155794
0.0610607
-0.0576045
0.121563
0.0359183
0.357679
-0.318896
0.0229405
-0.0206756
-0.0379297
-0.275696
0.19586
-0.0729189
-0.0449964
-0.118139
0.0846677
-0.0771169
0.0840137
-0.0793008
0.0577864
0.0544018
0.177052
-0.0907148
0.0532445
-0.029628
0.168085
-0.123595
-0.0242254
-0.0373872
-0.0261923
-0.0609997
0.106393
-0.0654292
-0.00259265
-0.0908337
0.0863526
0.0281231
-0.00929059
0.0289852
-0.0390103
-0.0157533
0.00947945
0.0533493
-0.0447735
-0.0230548
-0.0161985
0.00477344
-0.0262436
-0.0172581
0.0512487
0.0135736
-0.0141178
-0.0128017
-0.0116301
0.0366098
0.0086837
-0.0038005
-0.0098095
