0.364181
0.596381
-0.25302
-0.435434
-0.00826984
-0.109916
0.423101
0.127527
-0.165772
0.0449628
0.0865555
-0.0630382
-0.205538
0.345466
0.0689022
-0.284117
-0.0344616
-0.00128439
0.0545833
0.23812
-0.0309018
0.0238689
0.117812
0.160431
-0.0669257
0.107568
0.000427258
-0.171935
-0.0704907
0.185077
0.0908557
-0.0850181
-0.100873
0.121885
-0.0425421
-0.056217
-0.0251228
0.0136437
0.126402
0.0859599
-0.00516626
0.0523613
0.0387575
0.0696039
0.0875332
-0.00605045
0.00309154
-0.00171471
-0.0428654
-0.0268775
0.00884452
-0.000857941
-0.0867797
-0.0255899
0.0171333
0.00897339
-0.0106437
0.0362265
0.0422764
0.0417162
0.00743476
-0.00231899
0.00428165
-0.00340918
-0.00846739
-0.00177299
