0.430924
0.51785
-0.35668
-0.133952
0.0308747
-0.0710536
0.214554
-0.114951
-0.00190457
-0.109364
-0.00502734
0.120758
-0.0199118
0.0744404
-0.223416
0.054848
0.109034
0.0263343
-0.15097
0.0518164
0.151074
-0.0991023
-0.0734251
0.088845
-0.0977545
-0.0154402
0.0138171
0.0337276
-0.00420167
-0.0165889
0.0015872
0.0793704
0.0920642
0.10344
-0.13686
0.033579
-0.008153
0.0122098
-0.103343
-0.00924199
-0.0212917
-0.0770793
-0.121982
0.11166
0.00258922
-0.0807584
0.00912215
0.0145996
0.14146
0.00906094
0.0496683
0.00383589
0.0287534
0.0704065
0.0199501
0.00169501
-0.114549
-0.0188963
0.0140101
-0.0145501
-0.00585372
-0.0121785
0.0522651
0.0154565
0.00155685
-0.00408049
