0.47991
0.537774
-0.448689
-0.299395
0.0891946
0.0487628
0.0860069
0.0248708
0.157476
0.0794118
-0.0477626
-0.190555
-0.214319
0.385986
-0.398673
-0.327729
0.108527
0.0637554
-0.245719
0.224215
0.276481
0.219193
-0.16544
0.102744
0.148226
0.0392942
-0.0339049
-0.0886168
-0.0944848
0.0854047
-0.107986
-0.137641
-0.174514
0.112963
-0.127858
-0.110068
0.0269914
0.0304948
-0.0525084
0.071783
0.0517426
0.0987423
-0.0949167
0.103689
0.0685781
0.0924352
0.031405
-0.00654255
-0.0234193
0.0105533
0.0442553
-0.0344732
-0.0396226
-0.0403732
0.00397741
-0.00389924
0.0100629
0.0191506
-0.00459288
-0.000764481
0.00107146
0.00603092
0.0198077
0.0138804
0.00487558
-0.00414491
