0.390015
0.476373
-0.239167
-0.223365
0.0413082
-0.124532
0.233078
-0.204592
0.0149872
0.101327
0.141154
-0.28363
-0.0565787
0.50672
-0.111697
-0.477144
0.21669
-0.0337176
-0.468773
-0.0463152
0.566425
0.0189339
-0.322115
0.211311
0.311938
0.146056
0.062969
-0.380337
0.0262444
0.32815
0.11547
-0.355928
-0.177781
0.218156
-0.164991
-0.161387
0.0490281
-0.00403082
-0.097284
-0.065708
0.174492
-0.0427496
-0.132833
0.0674479
0.164361
0.0662093
0.0188839
0.0116832
-0.0375709
-0.00784313
0.0473117
0.0443908
-0.0709328
-0.00221028
0.00323613
0.0215935
-0.0359802
0.00470321
0.015254
-0.00710014
0.00389219
-0.0106414
0.0200807
-0.0202352
-0.00895415
0.0145645
