0.267908
0.162439
-0.182309
0.301132
-0.219653
-0.24993
0.807135
-0.867048
-0.931251
-0.239727
0.312349
0.558117
0.768586
-0.579519
0.703809
0.484811
-0.126748
-0.256277
0.338393
-0.533436
-0.3265
-0.567669
0.436704
-0.538648
-0.342822
-0.102219
0.172522
0.197769
0.402603
-0.283083
0.422417
0.249455
0.357497
-0.186849
0.169211
0.0245495
-0.0354973
-0.112135
0.1014
-0.200588
-0.0992651
-0.224333
0.106345
-0.156204
-0.0336916
0.00147698
-0.0195094
0.0416772
0.0238868
0.0949737
-0.0306413
0.0810474
0.00444545
0.0371028
0.00222009
-0.0239874
-0.00150235
-0.00922211
0.00889382
-0.0357144
-0.00202551
0.00211287
-0.000851182
0.0109269
-0.000399824
7.8697e-05
