0.440418
0.511034
-0.336639
-0.122314
-0.00308312
-0.0506813
0.290658
-0.133189
-0.0205063
-0.0077293
0.0554609
0.142711
-0.0460367
0.145308
-0.0973587
-0.0342961
0.0315592
0.0306488
-0.0984774
0.0463666
0.0912532
0.0884538
0.11888
-0.0269088
0.034158
0.0399901
-0.0208965
0.0578731
0.022737
0.0030839
-0.0106174
0.00832681
-0.0200323
0.0961984
-0.0456088
-0.0187608
-0.0257036
-0.00589376
0.0266026
0.0304536
-0.0114152
0.00212706
0.00696451
0.064269
0.0654859
-0.020218
0.0352131
-0.0108953
-0.00434556
0.0226847
0.0423147
-0.0552386
-0.0217341
0.0328955
-0.00283964
-0.0131941
-0.0109328
-0.000949633
-0.0231006
-0.00603805
-0.00355218
0.00193907
0.0212246
-0.00440155
0.00258321
-0.00880337
