0.35927
0.487846
-0.30769
-0.418989
0.102089
-0.00570975
0.148606
-0.121668
0.0118017
-0.0604152
0.0237263
0.0346074
-0.140474
-0.00926042
-0.133204
-0.237759
0.0271066
0.0664294
0.00859742
0.0166345
0.159822
0.155495
0.0246777
-0.0806929
0.0414696
0.0401459
-0.0261292
-0.198569
-0.154369
-0.035473
-0.00746831
-0.050971
-0.14031
-0.0675631
-0.00757759
-0.0919076
0.0020586
0.0395117
0.0542236
-0.0115227
0.0103164
0.0904676
0.033416
0.0157427
0.0425886
0.0677798
-0.0182845
-0.00873812
-0.0545275
-0.0806611
-0.0532054
-0.0385655
-0.0244227
-0.0643599
0.00773334
0.0173716
0.00987542
-0.0036556
0.0197721
0.0406412
0.0154578
0.000847884
-0.0638589
-0.00406352
0.00521416
0.0020973
