0.362684
0.466022
-0.378008
-0.372309
-0.0439048
-0.0109192
0.311496
-0.0669999
-0.240156
0.0726785
0.065702
-0.151274
-0.180324
0.280812
0.0448262
-0.391161
-0.0401307
-0.0262128
0.0240064
0.0419115
0.0404902
0.0407843
0.159646
-0.0693617
-0.0139706
0.0565203
0.00381043
-0.102598
-0.217864
0.105691
0.0364819
-0.0892859
-0.2268
-0.022954
0.0214681
-0.165701
-0.00683294
-0.0162656
-0.0161279
0.0115696
0.0137677
0.0174909
0.0333157
-0.00272794
0.0519504
0.0977092
0.0280297
-0.0188852
-0.033323
-0.0648641
0.0509259
-0.0302716
-0.0190575
-0.0870089
0.00783117
-0.0186153
-0.0130297
-0.00798672
0.00801496
-0.0214207
0.00619489
-0.000655985
-0.0114548
0.0112171
0.00717709
-0.000886343
