0.289429
0.388301
-0.271263
-0.390937
0.132582
-0.00771591
0.0857262
-0.221294
-0.031271
-0.124628
0.0698516
0.145908
-0.0425053
-0.197833
0.0304488
-0.144931
-0.0200719
0.0625821
0.155942
-0.0921625
0.0980141
0.162272
0.0854161
-0.136803
0.0322697
-0.0225609
0.00472079
-0.066411
-0.113386
-0.0730457
0.082044
0.00316951
-0.0411995
-0.0972772
0.069399
-0.0156481
0.0252931
0.0537132
0.0431828
-0.071791
0.0276407
0.102565
0.0747775
-0.0536382
0.000358445
0.0624961
-0.0292644
-0.000280405
0.0267728
-0.0724364
-0.0542517
-0.0139607
0.000572109
-0.0574201
-0.0156019
0.0241615
0.0532884
-0.00243606
-0.0133272
0.0447847
-0.00662312
0.000414438
0.0142311
-0.00315068
-7.94856e-05
0.00346813
