0.257428
0.429429
-0.285667
-0.477669
0.213864
-0.00969734
-0.176013
-0.0511056
-0.0417939
0.0429454
0.077919
-0.0119548
0.0949077
0.00246029
0.0250503
-0.0536936
0.0167653
-0.0287917
-0.0571631
-0.0466839
0.0701621
-0.0354038
-0.0468135
-0.031339
-0.0463403
0.0819542
0.0211659
-0.126134
0.0718997
0.113569
0.0825998
-0.0135009
0.103825
-0.0337913
0.0475038
0.034974
0.058107
-0.0331571
-0.144664
-0.0710081
0.0538557
-0.0855482
0.00142796
-0.0549131
-0.0290536
-0.0284077
0.0502133
0.017652
-0.0522382
0.0318731
0.0433242
0.0224733
0.0035634
0.0101451
-0.00328973
-0.00452042
-0.0204668
-0.00989659
-0.00571522
-0.000608866
-0.000295899
0.000307661
0.0148476
0.00164554
-0.005705
0.00162621
