0.428819
0.467843
-0.462477
-0.262071
0.0381314
0.0898215
0.114717
-0.107855
0.0643724
0.0526391
-0.0185258
-0.0309215
-0.239792
0.254665
-0.221776
-0.342853
0.0171159
0.119178
-0.16159
0.122628
0.181578
0.357808
-0.0565624
0.0136629
0.168927
0.0238456
-0.0209619
0.0141423
-0.247918
0.0429067
-0.0231389
-0.0871108
-0.19483
0.050031
-0.0778117
-0.153907
-0.0128595
0.0747841
-0.0686607
0.0389552
0.0295965
0.182481
-0.0626757
0.0527624
0.0949012
0.121023
0.00245387
-0.0168543
0.0344572
-0.0854745
0.011313
-0.0109994
-0.00933634
-0.0638335
-0.0140247
0.0261584
0.00548642
0.000753878
-0.0150707
0.0488881
-0.00369282
-0.0050574
0.00796157
-0.00986526
-0.00324693
0.00365721
