0.378182
0.538453
-0.21495
-0.27973
0.0187578
-0.125527
0.248822
-0.0888906
-0.0769802
-0.0967849
0.00801147
0.0977624
-0.150299
0.15369
-0.105229
-0.171734
-0.0423853
-0.00585456
0.0308712
0.00597959
-0.0133284
-0.108083
0.0140194
-0.0259704
-0.0497279
0.074451
0.00125659
-0.156632
-0.019367
0.0628194
0.00656032
-0.0794833
-0.0478381
0.0370802
-0.0297931
-0.0301814
-0.00800236
-0.0200526
0.0529828
-0.0111233
-0.0348927
-0.0122911
-0.032073
0.0031845
-0.00100574
-0.020379
-0.00835834
0.000244932
-0.0117771
0.00396795
0.0211728
0.00437496
-0.0777743
0.00902105
0.00600192
-0.00886678
0.0265837
-0.0131985
0.00218416
-0.0172301
0.0256897
-0.00439707
-0.0329591
-0.0030903
0.016956
-0.00391932
