0.238522
1.10613
-1.01468
0.909365
-0.490233
-0.621245
-1.2524
1.55237
-1.49427
0.53179
-0.712353
1.05364
1.15267
1.59803
-1.6883
1.10974
-0.125696
-0.421607
-1.17283
1.37324
-0.547951
-1.16052
-0.78203
0.892026
-0.62607
0.32609
-0.467118
-0.0734603
0.689908
0.714801
-0.837392
0.0425495
0.708216
0.335713
-0.352447
0.107664
0.135874
-0.12706
-0.40308
0.52693
0.257086
-0.389659
-0.211753
0.27998
0.105993
-0.212179
0.109382
-0.126405
-0.252707
0.117505
0.199603
-0.193433
-0.195754
0.142194
0.0505016
-0.00267966
-0.103274
0.0812061
0.0757745
-0.0292842
0.00103813
-0.0110366
0.0146134
-0.00749603
-0.00303397
0.0063129
