0.452167
0.4527
-0.445526
-0.207477
0.0610555
0.0571636
0.144214
-0.133371
0.0835305
0.013073
-0.0354434
-0.0273012
-0.109056
0.223008
-0.318962
-0.199849
0.0809097
0.0732114
-0.181796
0.151936
0.250456
0.258619
-0.117585
0.0475469
0.15727
-0.0105339
-0.0484731
0.0129505
-0.094737
-0.00581685
-0.131074
-0.0312387
-0.100758
0.0847118
-0.138621
-0.0899957
0.044579
0.0485355
-0.0860297
0.0501574
0.111599
0.139226
-0.0897266
0.0905749
0.0900672
0.105195
-0.00184923
-0.0164465
0.0136767
-0.0121378
-0.000416915
-0.0472272
-0.0157397
-0.0475877
0.00849774
-0.000545748
-0.00714623
-0.0132917
0.00967888
0.0134821
0.0012842
0.00568811
0.00704735
0.0141481
0.00581457
-0.00615299
