0.673437	-0.55875	
0.673437	-0.55875	
0.673437	-0.55875	
0.673437	-0.55875	
0.673437	-0.55875	
0.673437	-0.55875	
0.673437	-0.55875	
0.673437	-0.55875	
0.673437	-0.55875	
0.673437	-0.55875	
0.673437	-0.55875	
0.673437	-0.55875	
0.673437	-0.55875	
0.673437	-0.55875	
0.673437	-0.55875	
0.673437	-0.55875	
0.673437	-0.55875	
0.673437	-0.55875	
0.684728	-0.55143	
0.684728	-0.55143	
0.684728	-0.55143	
0.664908	-0.520638	
0.632054	-0.520448	
0.638265	-0.512229	
0.638265	-0.512229	
0.638265	-0.512229	
0.638265	-0.512229	
0.638265	-0.512229	
0.613488	-0.500144	
0.535852	-0.417181	
0.535852	-0.417181	
0.528921	-0.39558	
0.453342	-0.350008	
0.394595	-0.307219	
0.387515	-0.27715	
0.387515	-0.27715	
0.387515	-0.27715	
0.387515	-0.27715	
0.387515	-0.27715	
0.324949	-0.259361	
0.300042	-0.242091	
0.27539	-0.23229	
0.238653	-0.205019	
0.238653	-0.205019	
0.272387	-0.119079	
0.268967	-0.103353	
0.268967	-0.103353	
0.268967	-0.103353	
0.222515	-0.116167	
0.222515	-0.116167	
0.222515	-0.116167	
0.222515	-0.116167	
0.222515	-0.116167	
0.222515	-0.116167	
0.222515	-0.116167	
0.236139	-0.0874502	
0.193855	-0.0892788	
0.142325	-0.090874	
0.142325	-0.090874	
0.142325	-0.090874	
0.0533792	-0.0621152	
0.0117851	-0.0947192	
-0.026221	-0.0202962	
-0.0745503	-0.0653261	
-0.190796	-0.106172	
-0.0859937	-0.0726465	
-0.116938	-0.0958395	
-0.130382	-0.0974796	
-0.130382	-0.0974796	
-0.130382	-0.0974796	
-0.130382	-0.0974796	
-0.130382	-0.0974796	
-0.130382	-0.0974796	
-0.151881	-0.143883	
-0.109007	-0.11113	
-0.109007	-0.11113	
-0.109007	-0.11113	
-0.109007	-0.11113	
-0.109007	-0.11113	
-0.109007	-0.11113	
-0.109007	-0.11113	
-0.109007	-0.11113	
-0.105133	-0.0943605	
-0.0861826	-0.0733502	
-0.0861826	-0.0733502	
-0.0861826	-0.0733502	
-0.0861826	-0.0733502	
-0.0861826	-0.0733502	
-0.0861826	-0.0733502	
-0.0861826	-0.0733502	
-0.0861826	-0.0733502	
-0.0861826	-0.0733502	
-0.0695655	-0.0598125	
-0.0695655	-0.0598125	
-0.0695655	-0.0598125	
-0.107785	-0.0759553	
-0.107785	-0.0759553	
-0.107785	-0.0759553	
-0.0931357	-0.0706407	
-0.0931357	-0.0706407	
-0.0931357	-0.0706407	
-0.0931357	-0.0706407	
-0.063445	-0.0795707	
-0.063445	-0.0795707	
-0.063445	-0.0795707	
-0.063445	-0.0795707	
-0.063445	-0.0795707	
-0.063445	-0.0795707	
-0.119764	-0.112903	
-0.119764	-0.112903	
-0.136129	-0.117426	
-0.136129	-0.117426	
-0.136129	-0.117426	
-0.136129	-0.117426	
-0.0949531	-0.069741	
-0.0949531	-0.069741	
-0.0949531	-0.069741	
-0.0949531	-0.069741	
-0.0478905	-0.0345015	
-0.0478905	-0.0345015	
-0.0478905	-0.0345015	
-0.0478905	-0.0345015	
-0.0478905	-0.0345015	
-0.00799697	-0.00430887	
-0.00799697	-0.00430887	
-0.00799697	-0.00430887	
-0.00799697	-0.00430887	
-0.00799697	-0.00430887	
-0.00799697	-0.00430887	
-0.00799697	-0.00430887	
-0.00799697	-0.00430887	
-0.00799697	-0.00430887	
-0.00799697	-0.00430887	
-0.0625386	-0.0424828	
-0.0625386	-0.0424828	
-0.0625386	-0.0424828	
-0.0625386	-0.0424828	
-0.131709	-0.0817268	
-0.131709	-0.0817268	
-0.131709	-0.0817268	
-0.131709	-0.0817268	
-0.124666	-0.0730492	
-0.124666	-0.0730492	
-0.128292	-0.104176	
-0.12465	-0.0825412	
-0.12465	-0.0825412	
-0.0931274	-0.0598107	
-0.0931274	-0.0598107	
-0.0931274	-0.0598107	
-0.0931274	-0.0598107	
-0.0931274	-0.0598107	
-0.102687	-0.051621	
-0.0682286	-0.0142406	
-0.0682286	-0.0142406	
-0.0682286	-0.0142406	
-0.0682286	-0.0142406	
-0.0682286	-0.0142406	
-0.0682286	-0.0142406	
-0.0682286	-0.0142406	
-0.0682286	-0.0142406	
-0.0682286	-0.0142406	
-0.0682286	-0.0142406	
-0.0682286	-0.0142406	
-0.0682286	-0.0142406	
-0.0682286	-0.0142406	
-0.0682286	-0.0142406	
-0.0682286	-0.0142406	
-0.0682286	-0.0142406	
-0.0682286	-0.0142406	
-0.0682286	-0.0142406	
-0.0682286	-0.0142406	
-0.0682286	-0.0142406	
-0.0682286	-0.0142406	
-0.0365829	0.00925833	
-0.0365829	0.00925833	
-0.0365829	0.00925833	
-0.0887314	-0.0710038	
-0.0711575	-0.051244	
-0.0711575	-0.051244	
-0.0711575	-0.051244	
-0.0423372	-0.0253362	
-0.0423372	-0.0253362	
-0.0423372	-0.0253362	
-0.0423372	-0.0253362	
-0.0423372	-0.0253362	
-0.0197348	0.00307246	
-0.0197348	0.00307246	
-0.0197348	0.00307246	
-0.0197348	0.00307246	
0.011855	0.0383882	
0.011855	0.0383882	
0.011855	0.0383882	
0.011855	0.0383882	
0.011855	0.0383882	
0.011855	0.0383882	
0.011855	0.0383882	
0.011855	0.0383882	
0.0787018	0.11235	
0.0787018	0.11235	
0.075153	0.142591	
0.075153	0.142591	
0.075153	0.142591	
0.075153	0.142591	
0.075153	0.142591	
0.075153	0.142591	
0.075153	0.142591	
0.075153	0.142591	
0.075153	0.142591	
0.075153	0.142591	
0.0775772	0.123523	
0.0775772	0.123523	
0.0775772	0.123523	
0.0389298	0.0912859	
0.0389298	0.0912859	
0.0389298	0.0912859	
0.0389298	0.0912859	
0.0389298	0.0912859	
0.0389298	0.0912859	
0.0389298	0.0912859	
0.0389298	0.0912859	
0.0389298	0.0912859	
0.0389298	0.0912859	
0.0389298	0.0912859	
0.0389298	0.0912859	
0.0389298	0.0912859	
0.0389298	0.0912859	
0.0739667	0.103063	
0.0739667	0.103063	
0.0739667	0.103063	
0.0739667	0.103063	
0.0739667	0.103063	
0.0767956	0.112212	
0.0767956	0.112212	
0.0767956	0.112212	
0.0861404	0.11363	
0.0861404	0.11363	
0.0861404	0.11363	
0.0861404	0.11363	
0.0861404	0.11363	
0.0861404	0.11363	
0.0861404	0.11363	
0.0861404	0.11363	
0.0861404	0.11363	
0.0861404	0.11363	
0.0861404	0.11363	
0.0861404	0.11363	
0.0861404	0.11363	
0.0861404	0.11363	
0.0861404	0.11363	
0.0592979	0.0893435	
0.0592979	0.0893435	
0.0592979	0.0893435	
0.0592979	0.0893435	
0.0592979	0.0893435	
0.0592979	0.0893435	
0.0245353	0.0836773	
0.0245353	0.0836773	
0.0245353	0.0836773	
0.0245353	0.0836773	
0.00694102	0.0688423	
0.00694102	0.0688423	
-0.00970222	0.0615752	
-0.00970222	0.0615752	
-0.00970222	0.0615752	
-0.00970222	0.0615752	
-0.00970222	0.0615752	
0.0161802	0.0819746	
0.0161802	0.0819746	
0.0161802	0.0819746	
0.0430368	0.0999955	
0.0430368	0.0999955	
0.0430368	0.0999955	
0.0430368	0.0999955	
0.0430368	0.0999955	
0.0430368	0.0999955	
0.0430368	0.0999955	
0.0430368	0.0999955	
0.0430368	0.0999955	
0.0430368	0.0999955	
0.0430368	0.0999955	
0.0590454	0.079409	
0.0590454	0.079409	
0.0590454	0.079409	
0.0590454	0.079409	
0.0590454	0.079409	
0.0677446	0.0948631	
0.0677446	0.0948631	
0.0677446	0.0948631	
0.0677446	0.0948631	
0.0677446	0.0948631	
0.0677446	0.0948631	
0.0677446	0.0948631	
0.0675704	0.0696099	
0.0675704	0.0696099	
0.0675704	0.0696099	
0.0675704	0.0696099	
0.0467728	0.104389	
0.0467728	0.104389	
0.0356015	0.0729352	
0.0356015	0.0729352	
0.0356015	0.0729352	
0.0356015	0.0729352	
0.0356015	0.0729352	
0.0356015	0.0729352	
0.0356015	0.0729352	
0.0356015	0.0729352	
0.0356015	0.0729352	
0.0356015	0.0729352	
0.0356015	0.0729352	
-0.0160151	0.0313952	
-0.0160151	0.0313952	
-0.0160151	0.0313952	
-0.0160151	0.0313952	
-0.0160151	0.0313952	
-0.0160151	0.0313952	
-0.0187616	0.0287639	
-0.0187616	0.0287639	
-0.0187616	0.0287639	
-0.0187616	0.0287639	
-0.0187616	0.0287639	
-0.0187616	0.0287639	
0.00519361	0.0403129	
0.00519361	0.0403129	
0.00519361	0.0403129	
0.00519361	0.0403129	
0.00519361	0.0403129	
0.00519361	0.0403129	
0.00519361	0.0403129	
0.00519361	0.0403129	
0.00519361	0.0403129	
0.00519361	0.0403129	
0.00519361	0.0403129	
0.0272806	0.0800298	
0.0272806	0.0800298	
0.0272806	0.0800298	
0.0272806	0.0800298	
0.0272806	0.0800298	
0.0272806	0.0800298	
0.0272806	0.0800298	
0.00220157	0.0664915	
0.00220157	0.0664915	
-0.0079758	0.0311741	
-0.0079758	0.0311741	
-0.0079758	0.0311741	
-0.0079758	0.0311741	
-0.0079758	0.0311741	
-0.0079758	0.0311741	
-0.0079758	0.0311741	
-0.0079758	0.0311741	
-0.0079758	0.0311741	
-0.0108043	0.0398729	
-0.0108043	0.0398729	
-0.0108043	0.0398729	
-0.0108043	0.0398729	
-0.0108043	0.0398729	
-0.00319081	0.0413215	
-0.00319081	0.0413215	
-0.00319081	0.0413215	
-0.00319081	0.0413215	
-0.00319081	0.0413215	
-0.0232263	0.0174215	
-0.0232263	0.0174215	
-0.023553	-0.00109996	
-0.023553	-0.00109996	
-0.023553	-0.00109996	
-0.023553	-0.00109996	
0.00151388	0.000177753	
0.00151388	0.000177753	
0.00151388	0.000177753	
0.00151388	0.000177753	
-0.0420026	0.00686415	
-0.0420026	0.00686415	
-0.0340973	0.0296446	
-0.0340973	0.0296446	
-0.0348537	0.0146151	
-0.0348537	0.0146151	
-0.0348537	0.0146151	
-0.0348537	0.0146151	
-0.0348537	0.0146151	
-0.0348537	0.0146151	
-0.0348537	0.0146151	
-0.0348537	0.0146151	
-0.0510042	-0.023313	
-0.0782417	-0.0417601	
-0.0782417	-0.0417601	
-0.0782417	-0.0417601	
-0.0782417	-0.0417601	
-0.0782417	-0.0417601	
-0.0896936	-0.0735189	
-0.0896936	-0.0735189	
-0.150561	-0.118947	
-0.150561	-0.118947	
-0.150561	-0.118947	
-0.150561	-0.118947	
-0.150561	-0.118947	
-0.121919	-0.0620194	
-0.121919	-0.0620194	
-0.121919	-0.0620194	
-0.127136	-0.0982165	
-0.127136	-0.0982165	
-0.127136	-0.0982165	
-0.127136	-0.0982165	
-0.127136	-0.0982165	
-0.127136	-0.0982165	
-0.127136	-0.0982165	
-0.114454	-0.0948775	
-0.144158	-0.141611	
-0.144158	-0.141611	
-0.144158	-0.141611	
-0.144158	-0.141611	
-0.144158	-0.141611	
-0.144158	-0.141611	
-0.144158	-0.141611	
-0.144158	-0.141611	
-0.144158	-0.141611	
-0.144158	-0.141611	
-0.144158	-0.141611	
-0.144158	-0.141611	
-0.144158	-0.141611	
-0.144158	-0.141611	
-0.144158	-0.141611	
-0.144158	-0.141611	
-0.144158	-0.141611	
-0.144158	-0.141611	
-0.144158	-0.141611	
-0.144158	-0.141611	
-0.144158	-0.141611	
-0.144158	-0.141611	
-0.144158	-0.141611	
-0.144158	-0.141611	
-0.144158	-0.141611	
-0.173425	-0.14128	
-0.173425	-0.14128	
-0.173425	-0.14128	
-0.173425	-0.14128	
-0.173425	-0.14128	
-0.173425	-0.14128	
-0.173425	-0.14128	
-0.173425	-0.14128	
-0.142864	-0.0805334	
-0.148974	-0.0983092	
-0.148974	-0.0983092	
-0.148974	-0.0983092	
-0.148974	-0.0983092	
-0.148974	-0.0983092	
-0.148974	-0.0983092	
-0.148974	-0.0983092	
-0.148974	-0.0983092	
-0.0683556	-0.0376588	
-0.0683556	-0.0376588	
-0.0683556	-0.0376588	
-0.0683556	-0.0376588	
-0.0683556	-0.0376588	
-0.0683556	-0.0376588	
-0.0876221	-0.0526055	
-0.0876221	-0.0526055	
-0.0876221	-0.0526055	
-0.0876221	-0.0526055	
-0.0876221	-0.0526055	
-0.0876221	-0.0526055	
-0.0638269	-0.0439946	
-0.0638269	-0.0439946	
-0.0638269	-0.0439946	
-0.0638269	-0.0439946	
-0.0638269	-0.0439946	
-0.0638269	-0.0439946	
-0.0638269	-0.0439946	
-0.0304964	3.21208e-05	
-0.0304964	3.21208e-05	
-0.0391799	-0.0179313	
-0.0391799	-0.0179313	
-0.0391799	-0.0179313	
-0.0391799	-0.0179313	
-0.0391799	-0.0179313	
-0.0391799	-0.0179313	
-0.0391799	-0.0179313	
-0.0391799	-0.0179313	
-0.0391799	-0.0179313	
-0.0391799	-0.0179313	
-0.0376937	-0.0245902	
-0.0376937	-0.0245902	
-0.0376937	-0.0245902	
-0.0376937	-0.0245902	
-0.0376937	-0.0245902	
-0.0376937	-0.0245902	
-0.0376937	-0.0245902	
-0.0376937	-0.0245902	
-0.0376937	-0.0245902	
-0.0376937	-0.0245902	
-0.0376937	-0.0245902	
-0.0146528	0.0084386	
-0.0146528	0.0084386	
-0.0535129	-0.0326455	
-0.0535129	-0.0326455	
-0.0359718	-0.000613184	
-0.0359718	-0.000613184	
-0.0466724	-0.000292194	
-0.0466724	-0.000292194	
-0.0466724	-0.000292194	
-0.0466724	-0.000292194	
-0.0466724	-0.000292194	
-0.0466724	-0.000292194	
-0.0353758	-0.00711753	
-0.0353758	-0.00711753	
-0.0353758	-0.00711753	
-0.100781	-0.0440685	
-0.0966661	-0.0659474	
-0.0966661	-0.0659474	
-0.0966661	-0.0659474	
-0.0966661	-0.0659474	
-0.0966661	-0.0659474	
-0.0966661	-0.0659474	
-0.0966661	-0.0659474	
-0.0966661	-0.0659474	
-0.0878356	-0.0522396	
-0.0878356	-0.0522396	
-0.0878356	-0.0522396	
-0.0878356	-0.0522396	
-0.0878356	-0.0522396	
-0.0878356	-0.0522396	
-0.0878356	-0.0522396	
-0.0878356	-0.0522396	
-0.0566115	-0.0633332	
-0.020966	-0.0243981	
-0.020966	-0.0243981	
-0.020966	-0.0243981	
-0.020966	-0.0243981	
-0.0508181	-0.0279971	
-0.0508181	-0.0279971	
-0.0508181	-0.0279971	
-0.0508181	-0.0279971	
-0.0508181	-0.0279971	
-0.0508181	-0.0279971	
-0.0508181	-0.0279971	
-0.0508181	-0.0279971	
-0.0508181	-0.0279971	
-0.0508181	-0.0279971	
-0.0508181	-0.0279971	
-0.0508181	-0.0279971	
-0.0508181	-0.0279971	
-0.0508181	-0.0279971	
-0.0485751	-0.0187034	
-0.0485751	-0.0187034	
-0.0485751	-0.0187034	
-0.0236507	0.0230328	
-0.0236507	0.0230328	
-0.0236507	0.0230328	
-0.0236507	0.0230328	
-0.0518944	0.000357167	
-0.0518944	0.000357167	
-0.0518944	0.000357167	
-0.0518944	0.000357167	
-0.0572045	-0.0444536	
-0.0572045	-0.0444536	
-0.0572045	-0.0444536	
-0.0572045	-0.0444536	
-0.0572045	-0.0444536	
-0.0572045	-0.0444536	
-0.0572045	-0.0444536	
-0.0572045	-0.0444536	
-0.0181749	-0.0184289	
-0.0181749	-0.0184289	
-0.0350903	0.00579441	
-0.0350903	0.00579441	
-0.0350903	0.00579441	
-0.0350903	0.00579441	
-0.0317661	-0.00606149	
-0.0317661	-0.00606149	
-0.0317661	-0.00606149	
-0.0317661	-0.00606149	
-0.0317661	-0.00606149	
-0.0317661	-0.00606149	
-0.0654411	-0.00781886	
-0.0654411	-0.00781886	
-0.0654411	-0.00781886	
-0.0654411	-0.00781886	
-0.0654411	-0.00781886	
-0.042045	-0.0293235	
-0.042045	-0.0293235	
-0.042045	-0.0293235	
-0.042045	-0.0293235	
-0.042045	-0.0293235	
-0.042045	-0.0293235	
-0.0445147	-0.0119867	
-0.0445147	-0.0119867	
-0.0543859	-0.0361029	
-0.0543859	-0.0361029	
-0.0543859	-0.0361029	
-0.0543859	-0.0361029	
-0.0543859	-0.0361029	
-0.0543859	-0.0361029	
-0.0543859	-0.0361029	
-0.0543859	-0.0361029	
-0.0672897	-0.0269931	
-0.0672897	-0.0269931	
-0.0672897	-0.0269931	
-0.0532657	-0.0126863	
-0.0532657	-0.0126863	
-0.0839901	-0.0254705	
-0.0839901	-0.0254705	
-0.0839901	-0.0254705	
-0.0839901	-0.0254705	
-0.0839901	-0.0254705	
-0.0839901	-0.0254705	
-0.0839901	-0.0254705	
-0.0839901	-0.0254705	
-0.0839901	-0.0254705	
-0.0839901	-0.0254705	
-0.0839901	-0.0254705	
-0.0839901	-0.0254705	
-0.0839901	-0.0254705	
-0.0262678	0.0359472	
-0.0304359	0.0308864	
0.00384359	0.087377	
0.00384359	0.087377	
-0.0267056	0.0261175	
-0.0267056	0.0261175	
-0.0267056	0.0261175	
0.0118593	0.0344818	
0.0118593	0.0344818	
0.0118593	0.0344818	
0.0118593	0.0344818	
0.0118593	0.0344818	
0.0118593	0.0344818	
0.0118593	0.0344818	
0.0118593	0.0344818	
0.0118593	0.0344818	
-0.026377	-0.0435181	
-0.026377	-0.0435181	
-0.071326	-0.0614929	
-0.0780493	-0.064291	
-0.0780493	-0.064291	
-0.0144015	0.00866712	
-0.0144015	0.00866712	
-0.0144015	0.00866712	
-0.0144015	0.00866712	
-0.0144015	0.00866712	
-0.0144015	0.00866712	
-0.0144015	0.00866712	
-0.0144015	0.00866712	
-0.0144015	0.00866712	
-0.0144015	0.00866712	
-0.0144015	0.00866712	
-0.0144015	0.00866712	
-0.0144015	0.00866712	
-0.0144015	0.00866712	
-0.0144015	0.00866712	
-0.0144015	0.00866712	
-0.0144015	0.00866712	
-0.0144015	0.00866712	
-0.0144015	0.00866712	
-0.0144015	0.00866712	
-0.0144015	0.00866712	
-0.0144015	0.00866712	
-0.0144015	0.00866712	
-0.0230856	-0.00610029	
-0.0477044	-0.008441	
-0.0477044	-0.008441	
-0.0477044	-0.008441	
-0.0477044	-0.008441	
-0.0477044	-0.008441	
-0.0477044	-0.008441	
-0.0477044	-0.008441	
-0.0477044	-0.008441	
-0.0578905	-0.00907094	
-0.0578905	-0.00907094	
-0.0578905	-0.00907094	
-0.0578905	-0.00907094	
-0.0578905	-0.00907094	
-0.0578905	-0.00907094	
-0.0578905	-0.00907094	
-0.0578905	-0.00907094	
-0.0578905	-0.00907094	
-0.0578905	-0.00907094	
-0.0355368	0.0177488	
-0.0355368	0.0177488	
-0.0355368	0.0177488	
-0.0355368	0.0177488	
-0.0355368	0.0177488	
-0.0355368	0.0177488	
-0.0117196	0.00203924	
-0.0117196	0.00203924	
-0.0117196	0.00203924	
-0.0117196	0.00203924	
-0.0885764	-0.0616624	
-0.0885764	-0.0616624	
-0.0885764	-0.0616624	
-0.0885764	-0.0616624	
-0.0885764	-0.0616624	
-0.0885764	-0.0616624	
-0.100432	-0.0796606	
-0.100432	-0.0796606	
-0.100432	-0.0796606	
-0.100432	-0.0796606	
-0.100432	-0.0796606	
-0.100432	-0.0796606	
-0.100432	-0.0796606	
-0.100432	-0.0796606	
-0.100432	-0.0796606	
-0.100432	-0.0796606	
-0.100432	-0.0796606	
-0.100432	-0.0796606	
-0.100432	-0.0796606	
-0.100432	-0.0796606	
-0.0838343	-0.0888862	
-0.0838343	-0.0888862	
-0.0838343	-0.0888862	
-0.0923089	-0.0452727	
-0.0923089	-0.0452727	
-0.0923089	-0.0452727	
-0.132412	-0.106097	
-0.132412	-0.106097	
-0.132412	-0.106097	
-0.132412	-0.106097	
-0.132412	-0.106097	
-0.132412	-0.106097	
-0.132412	-0.106097	
-0.132412	-0.106097	
-0.132412	-0.106097	
-0.132412	-0.106097	
-0.132412	-0.106097	
-0.130673	-0.104002	
-0.130673	-0.104002	
-0.141208	-0.12697	
-0.141208	-0.12697	
-0.141208	-0.12697	
-0.141208	-0.12697	
-0.149797	-0.10437	
-0.149797	-0.10437	
-0.149797	-0.10437	
-0.149797	-0.10437	
-0.128772	-0.102401	
-0.128772	-0.102401	
-0.157345	-0.120382	
-0.157345	-0.120382	
-0.157345	-0.120382	
-0.120685	-0.0853208	
-0.120685	-0.0853208	
-0.120685	-0.0853208	
-0.120685	-0.0853208	
-0.127138	-0.0964832	
-0.126298	-0.101372	
-0.126298	-0.101372	
-0.126298	-0.101372	
-0.126298	-0.101372	
-0.126298	-0.101372	
-0.126298	-0.101372	
-0.126298	-0.101372	
-0.126298	-0.101372	
-0.126298	-0.101372	
-0.126298	-0.101372	
-0.126298	-0.101372	
-0.126298	-0.101372	
-0.126298	-0.101372	
-0.126298	-0.101372	
-0.126298	-0.101372	
-0.126298	-0.101372	
-0.107917	-0.111553	
-0.107917	-0.111553	
-0.107917	-0.111553	
-0.107917	-0.111553	
-0.107917	-0.111553	
-0.107917	-0.111553	
-0.107917	-0.111553	
-0.107917	-0.111553	
-0.107917	-0.111553	
-0.107917	-0.111553	
-0.142102	-0.135515	
-0.142102	-0.135515	
-0.142102	-0.135515	
-0.142102	-0.135515	
-0.142102	-0.135515	
-0.142102	-0.135515	
-0.142102	-0.135515	
-0.0798962	-0.0830069	
-0.0576897	-0.036152	
-0.0576897	-0.036152	
-0.0576897	-0.036152	
-0.0576897	-0.036152	
-0.0576897	-0.036152	
-0.0576897	-0.036152	
-0.0576897	-0.036152	
-0.0401427	-0.0198893	
-0.0401427	-0.0198893	
-0.0401427	-0.0198893	
-0.0401427	-0.0198893	
-0.0401427	-0.0198893	
-0.0401427	-0.0198893	
-0.0401427	-0.0198893	
-0.0395515	0.00119185	
-0.0395515	0.00119185	
-0.0395515	0.00119185	
-0.0899328	-0.0453781	
-0.0899328	-0.0453781	
-0.0899328	-0.0453781	
-0.0899328	-0.0453781	
-0.0899328	-0.0453781	
-0.0899328	-0.0453781	
-0.0899328	-0.0453781	
-0.0449624	0.000674464	
-0.0449624	0.000674464	
-0.0123441	0.0290688	
-0.0123441	0.0290688	
-0.0123441	0.0290688	
-0.0123441	0.0290688	
-0.0123441	0.0290688	
-0.0123441	0.0290688	
-0.0123441	0.0290688	
0.0361966	0.0557039	
0.0308867	0.0552037	
0.0308867	0.0552037	
-0.0207008	0.0301268	
-0.0207008	0.0301268	
-0.0207008	0.0301268	
-0.0207008	0.0301268	
-0.0207008	0.0301268	
-0.0207008	0.0301268	
-0.0207008	0.0301268	
-0.0397573	-0.0293955	
-0.0397573	-0.0293955	
-0.0397573	-0.0293955	
-0.0559006	-0.0182681	
-0.0559006	-0.0182681	
-0.0559006	-0.0182681	
-0.0559006	-0.0182681	
-0.0559006	-0.0182681	
-0.0559006	-0.0182681	
-0.0422747	-0.001481	
-0.0422747	-0.001481	
-0.0422747	-0.001481	
-0.0422747	-0.001481	
-0.0389983	0.010093	
-0.0845389	0.00879987	
-0.0845389	0.00879987	
-0.0845389	0.00879987	
-0.0419124	-0.0246071	
-0.0419124	-0.0246071	
-0.0274032	0.0122357	
-0.0274032	0.0122357	
-0.0274032	0.0122357	
-0.0274032	0.0122357	
-0.0274032	0.0122357	
-0.0274032	0.0122357	
-0.0274032	0.0122357	
-0.0274032	0.0122357	
-0.0274032	0.0122357	
-0.0274032	0.0122357	
-0.0112806	0.0514875	
-0.0112806	0.0514875	
-0.0112806	0.0514875	
-0.0641391	-0.00773202	
-0.0641391	-0.00773202	
-0.0641391	-0.00773202	
-0.0641391	-0.00773202	
-0.0641391	-0.00773202	
-0.101884	-0.0599983	
-0.101884	-0.0599983	
-0.101884	-0.0599983	
-0.101884	-0.0599983	
-0.0638278	-0.0443299	
-0.0638278	-0.0443299	
-0.0638278	-0.0443299	
-0.0638278	-0.0443299	
-0.0646579	-0.0311656	
-0.0646579	-0.0311656	
-0.0646579	-0.0311656	
-0.0646579	-0.0311656	
-0.0717033	-0.0476837	
-0.0717033	-0.0476837	
-0.0717033	-0.0476837	
-0.0349382	-0.000752284	
-0.0349382	-0.000752284	
-0.0349382	-0.000752284	
-0.0349382	-0.000752284	
-0.0349382	-0.000752284	
-0.0349382	-0.000752284	
-0.0349382	-0.000752284	
-0.0349382	-0.000752284	
-0.0349382	-0.000752284	
-0.0349382	-0.000752284	
-0.0349382	-0.000752284	
-0.0349382	-0.000752284	
-0.0349382	-0.000752284	
-0.0349382	-0.000752284	
-0.0349382	-0.000752284	
-0.0349382	-0.000752284	
-0.0349382	-0.000752284	
-0.0349382	-0.000752284	
-0.0754458	-0.0436315	
-0.0754458	-0.0436315	
-0.0754458	-0.0436315	
-0.0754458	-0.0436315	
-0.0754458	-0.0436315	
-0.0903633	-0.0387421	
-0.0903633	-0.0387421	
-0.0903633	-0.0387421	
-0.0903633	-0.0387421	
-0.111234	-0.0621913	
-0.0819104	-0.0176861	
-0.0819104	-0.0176861	
-0.0819104	-0.0176861	
-0.0819104	-0.0176861	
-0.0819104	-0.0176861	
-0.0819104	-0.0176861	
-0.0819104	-0.0176861	
-0.0819104	-0.0176861	
-0.0819104	-0.0176861	
-0.0819104	-0.0176861	
-0.0819104	-0.0176861	
-0.0819104	-0.0176861	
-0.0819104	-0.0176861	
-0.0975256	-0.0303771	
-0.070886	-0.0105827	
-0.070886	-0.0105827	
-0.0358855	0.0368396	
-0.0358855	0.0368396	
-0.0358855	0.0368396	
-0.0358855	0.0368396	
-0.0358855	0.0368396	
-0.0358855	0.0368396	
-0.0358855	0.0368396	
-0.0358855	0.0368396	
-0.0358855	0.0368396	
-0.0869589	-0.0089982	
-0.0869589	-0.0089982	
-0.0869589	-0.0089982	
-0.0869589	-0.0089982	
-0.0779873	-0.027042	
-0.0779873	-0.027042	
-0.0779873	-0.027042	
-0.0779873	-0.027042	
-0.0479066	-0.0174481	
-0.0479066	-0.0174481	
-0.0479066	-0.0174481	
-0.0479066	-0.0174481	
-0.0479066	-0.0174481	
-0.0479066	-0.0174481	
-0.0479066	-0.0174481	
0.00534711	0.0411034	
0.00534711	0.0411034	
0.00534711	0.0411034	
0.00534711	0.0411034	
0.00534711	0.0411034	
0.00534711	0.0411034	
0.00534711	0.0411034	
0.00534711	0.0411034	
0.00534711	0.0411034	
0.00534711	0.0411034	
0.00534711	0.0411034	
0.00534711	0.0411034	
-0.00370665	0.00677195	
-0.00370665	0.00677195	
-0.00370665	0.00677195	
-0.00370665	0.00677195	
0.0125778	0.038017	
0.0125778	0.038017	
0.0125778	0.038017	
0.0566573	0.0755154	
0.0566573	0.0755154	
0.0566573	0.0755154	
0.0601734	0.0867761	
0.0149422	0.0513905	
0.0149422	0.0513905	
0.0149422	0.0513905	
0.0149422	0.0513905	
0.0489324	0.0749815	
0.0969147	0.101319	
0.0969147	0.101319	
0.0969147	0.101319	
0.0969147	0.101319	
0.0969147	0.101319	
0.0969147	0.101319	
0.0969147	0.101319	
0.0969147	0.101319	
0.0969147	0.101319	
0.12988	0.153605	
0.12988	0.153605	
0.12988	0.153605	
0.12988	0.153605	
0.12988	0.153605	
0.12988	0.153605	
0.12988	0.153605	
0.12988	0.153605	
0.12988	0.153605	
0.0673069	0.106007	
0.0190606	0.0737129	
0.0190606	0.0737129	
0.047686	0.103853	
0.047686	0.103853	
0.047686	0.103853	
0.047686	0.103853	
0.047686	0.103853	
0.047686	0.103853	
0.047686	0.103853	
0.047686	0.103853	
0.047686	0.103853	
0.047686	0.103853	
0.047686	0.103853	
0.047686	0.103853	
0.047686	0.103853	
0.047686	0.103853	
