0.980328
0.980328
0.980328
0.980328
0.980328
0.980328
0.980328
0.980328
0.980328
0.980328
0.980328
0.980328
0.980328
0.980328
0.980328
0.980328
0.980328
0.980328
0.975596
0.975596
0.975596
0.994129
0.999914
1.0003
1.0003
1.0003
1.0003
1.0003
1.00116
0.98637
0.98637
0.983352
0.970593
0.957068
0.950266
0.950266
0.950266
0.950266
0.950266
0.924602
0.906188
0.886312
0.845151
0.845151
0.836671
0.825295
0.825295
0.825295
0.786612
0.786612
0.786612
0.786612
0.786612
0.786612
0.786612
0.784329
0.737905
0.672742
0.672742
0.672742
0.529008
0.488162
0.395021
0.358176
0.246963
0.347612
0.320664
0.306129
0.306129
0.306129
0.306129
0.306129
0.306129
0.296885
0.335476
0.335476
0.335476
0.335476
0.335476
0.335476
0.335476
0.335476
0.333793
0.347691
0.347691
0.347691
0.347691
0.347691
0.347691
0.347691
0.347691
0.347691
0.361695
0.361695
0.361695
0.323469
0.323469
0.323469
0.338259
0.338259
0.338259
0.338259
0.378529
0.378529
0.378529
0.378529
0.378529
0.378529
0.323504
0.323504
0.306428
0.306428
0.306428
0.306428
0.33574
0.33574
0.33574
0.33574
0.375695
0.375695
0.375695
0.375695
0.375695
0.40865
0.40865
0.40865
0.40865
0.40865
0.40865
0.40865
0.40865
0.40865
0.40865
0.361805
0.361805
0.361805
0.361805
0.299057
0.299057
0.299057
0.299057
0.303469
0.303469
0.31078
0.307072
0.307072
0.33356
0.33356
0.33356
0.33356
0.33356
0.319039
0.340419
0.340419
0.340419
0.340419
0.340419
0.340419
0.340419
0.340419
0.340419
0.340419
0.340419
0.340419
0.340419
0.340419
0.340419
0.340419
0.340419
0.340419
0.340419
0.340419
0.340419
0.364607
0.364607
0.364607
0.343627
0.355663
0.355663
0.355663
0.377606
0.377606
0.377606
0.377606
0.377606
0.389116
0.389116
0.389116
0.389116
0.40534
0.40534
0.40534
0.40534
0.40534
0.40534
0.40534
0.40534
0.430477
0.430477
0.399393
0.399393
0.399393
0.399393
0.399393
0.399393
0.399393
0.399393
0.399393
0.399393
0.419254
0.419254
0.419254
0.398996
0.398996
0.398996
0.398996
0.398996
0.398996
0.398996
0.398996
0.398996
0.398996
0.398996
0.398996
0.398996
0.398996
0.432648
0.432648
0.432648
0.432648
0.432648
0.42823
0.42823
0.42823
0.438609
0.438609
0.438609
0.438609
0.438609
0.438609
0.438609
0.438609
0.438609
0.438609
0.438609
0.438609
0.438609
0.438609
0.438609
0.425871
0.425871
0.425871
0.425871
0.425871
0.425871
0.387419
0.387419
0.387419
0.387419
0.377293
0.377293
0.362608
0.362608
0.362608
0.362608
0.362608
0.378624
0.378624
0.378624
0.396973
0.396973
0.396973
0.396973
0.396973
0.396973
0.396973
0.396973
0.396973
0.396973
0.396973
0.433752
0.433752
0.433752
0.433752
0.433752
0.431854
0.431854
0.431854
0.431854
0.431854
0.431854
0.431854
0.45271
0.45271
0.45271
0.45271
0.397923
0.397923
0.409402
0.409402
0.409402
0.409402
0.409402
0.409402
0.409402
0.409402
0.409402
0.409402
0.409402
0.375551
0.375551
0.375551
0.375551
0.375551
0.375551
0.373935
0.373935
0.373935
0.373935
0.373935
0.373935
0.395625
0.395625
0.395625
0.395625
0.395625
0.395625
0.395625
0.395625
0.395625
0.395625
0.395625
0.393591
0.393591
0.393591
0.393591
0.393591
0.393591
0.393591
0.373302
0.373302
0.385558
0.385558
0.385558
0.385558
0.385558
0.385558
0.385558
0.385558
0.385558
0.376226
0.376226
0.376226
0.376226
0.376226
0.384543
0.384543
0.384543
0.384543
0.384543
0.375783
0.375783
0.38691
0.38691
0.38691
0.38691
0.418077
0.418077
0.418077
0.418077
0.359529
0.359529
0.354997
0.354997
0.36343
0.36343
0.36343
0.36343
0.36343
0.36343
0.36343
0.36343
0.365817
0.342634
0.342634
0.342634
0.342634
0.342634
0.343568
0.343568
0.291114
0.291114
0.291114
0.291114
0.291114
0.302146
0.302146
0.302146
0.309996
0.309996
0.309996
0.309996
0.309996
0.309996
0.309996
0.323155
0.304807
0.304807
0.304807
0.304807
0.304807
0.304807
0.304807
0.304807
0.304807
0.304807
0.304807
0.304807
0.304807
0.304807
0.304807
0.304807
0.304807
0.304807
0.304807
0.304807
0.304807
0.304807
0.304807
0.304807
0.304807
0.273265
0.273265
0.273265
0.273265
0.273265
0.273265
0.273265
0.273265
0.286746
0.286332
0.286332
0.286332
0.286332
0.286332
0.286332
0.286332
0.286332
0.352349
0.352349
0.352349
0.352349
0.352349
0.352349
0.336737
0.336737
0.336737
0.336737
0.336737
0.336737
0.360996
0.360996
0.360996
0.360996
0.360996
0.360996
0.360996
0.377597
0.377597
0.37737
0.37737
0.37737
0.37737
0.37737
0.37737
0.37737
0.37737
0.37737
0.37737
0.382988
0.382988
0.382988
0.382988
0.382988
0.382988
0.382988
0.382988
0.382988
0.382988
0.382988
0.392115
0.392115
0.367759
0.367759
0.371259
0.371259
0.358131
0.358131
0.358131
0.358131
0.358131
0.358131
0.37583
0.37583
0.37583
0.317834
0.33212
0.33212
0.33212
0.33212
0.33212
0.33212
0.33212
0.33212
0.33632
0.33632
0.33632
0.33632
0.33632
0.33632
0.33632
0.33632
0.379506
0.404155
0.404155
0.404155
0.404155
0.368582
0.368582
0.368582
0.368582
0.368582
0.368582
0.368582
0.368582
0.368582
0.368582
0.368582
0.368582
0.368582
0.368582
0.366248
0.366248
0.366248
0.371696
0.371696
0.371696
0.371696
0.351548
0.351548
0.351548
0.351548
0.369351
0.369351
0.369351
0.369351
0.369351
0.369351
0.369351
0.369351
0.404217
0.404217
0.368502
0.368502
0.368502
0.368502
0.379671
0.379671
0.379671
0.379671
0.379671
0.379671
0.340222
0.340222
0.340222
0.340222
0.340222
0.380174
0.380174
0.380174
0.380174
0.380174
0.380174
0.367434
0.367434
0.368508
0.368508
0.368508
0.368508
0.368508
0.368508
0.368508
0.368508
0.348188
0.348188
0.348188
0.357247
0.357247
0.328029
0.328029
0.328029
0.328029
0.328029
0.328029
0.328029
0.328029
0.328029
0.328029
0.328029
0.328029
0.328029
0.360239
0.358542
0.359931
0.359931
0.366036
0.366036
0.366036
0.408109
0.408109
0.408109
0.408109
0.408109
0.408109
0.408109
0.408109
0.408109
0.408037
0.408037
0.360332
0.353451
0.353451
0.392285
0.392285
0.392285
0.392285
0.392285
0.392285
0.392285
0.392285
0.392285
0.392285
0.392285
0.392285
0.392285
0.392285
0.392285
0.392285
0.392285
0.392285
0.392285
0.392285
0.392285
0.392285
0.392285
0.390541
0.361555
0.361555
0.361555
0.361555
0.361555
0.361555
0.361555
0.361555
0.349746
0.349746
0.349746
0.349746
0.349746
0.349746
0.349746
0.349746
0.349746
0.349746
0.360689
0.360689
0.360689
0.360689
0.360689
0.360689
0.399879
0.399879
0.399879
0.399879
0.339704
0.339704
0.339704
0.339704
0.339704
0.339704
0.333473
0.333473
0.333473
0.333473
0.333473
0.333473
0.333473
0.333473
0.333473
0.333473
0.333473
0.333473
0.333473
0.333473
0.357176
0.357176
0.357176
0.327964
0.327964
0.327964
0.306836
0.306836
0.306836
0.306836
0.306836
0.306836
0.306836
0.306836
0.306836
0.306836
0.306836
0.308059
0.308059
0.303764
0.303764
0.303764
0.303764
0.287411
0.287411
0.287411
0.287411
0.30963
0.30963
0.284321
0.284321
0.284321
0.312518
0.312518
0.312518
0.312518
0.30938
0.312043
0.312043
0.312043
0.312043
0.312043
0.312043
0.312043
0.312043
0.312043
0.312043
0.312043
0.312043
0.312043
0.312043
0.312043
0.312043
0.336923
0.336923
0.336923
0.336923
0.336923
0.336923
0.336923
0.336923
0.336923
0.336923
0.305332
0.305332
0.305332
0.305332
0.305332
0.305332
0.305332
0.359511
0.364482
0.364482
0.364482
0.364482
0.364482
0.364482
0.364482
0.377285
0.377285
0.377285
0.377285
0.377285
0.377285
0.377285
0.365835
0.365835
0.365835
0.330738
0.330738
0.330738
0.330738
0.330738
0.330738
0.330738
0.359618
0.359618
0.381581
0.381581
0.381581
0.381581
0.381581
0.381581
0.381581
0.423464
0.417094
0.417094
0.370695
0.370695
0.370695
0.370695
0.370695
0.370695
0.370695
0.38308
0.38308
0.38308
0.357147
0.357147
0.357147
0.357147
0.357147
0.357147
0.364109
0.364109
0.364109
0.364109
0.3612
0.309909
0.309909
0.309909
0.37773
0.37773
0.373928
0.373928
0.373928
0.373928
0.373928
0.373928
0.373928
0.373928
0.373928
0.373928
0.367727
0.367727
0.367727
0.341688
0.341688
0.341688
0.341688
0.341688
0.323571
0.323571
0.323571
0.323571
0.361162
0.361162
0.361162
0.361162
0.353473
0.353473
0.353473
0.353473
0.353282
0.353282
0.353282
0.372606
0.372606
0.372606
0.372606
0.372606
0.372606
0.372606
0.372606
0.372606
0.372606
0.372606
0.372606
0.372606
0.372606
0.372606
0.372606
0.372606
0.372606
0.346844
0.346844
0.346844
0.346844
0.346844
0.327156
0.327156
0.327156
0.327156
0.313962
0.326505
0.326505
0.326505
0.326505
0.326505
0.326505
0.326505
0.326505
0.326505
0.326505
0.326505
0.326505
0.326505
0.31519
0.33541
0.33541
0.348356
0.348356
0.348356
0.348356
0.348356
0.348356
0.348356
0.348356
0.348356
0.316469
0.316469
0.316469
0.316469
0.335694
0.335694
0.335694
0.335694
0.366367
0.366367
0.366367
0.366367
0.366367
0.366367
0.366367
0.395262
0.395262
0.395262
0.395262
0.395262
0.395262
0.395262
0.395262
0.395262
0.395262
0.395262
0.395262
0.407063
0.407063
0.407063
0.407063
0.406516
0.406516
0.406516
0.433898
0.433898
0.433898
0.429103
0.399864
0.399864
0.399864
0.399864
0.424534
0.463116
0.463116
0.463116
0.463116
0.463116
0.463116
0.463116
0.463116
0.463116
0.455385
0.455385
0.455385
0.455385
0.455385
0.455385
0.455385
0.455385
0.455385
0.421819
0.388374
0.388374
0.399478
0.399478
0.399478
0.399478
0.399478
0.399478
0.399478
0.399478
0.399478
0.399478
0.399478
0.399478
0.399478
0.399478
